03 sort (compute result correct) (in us):
1) FPGA+Boom+Bare Metal
1.1)
96085298 74228984 74224738 74205419 74241511 74313533 74240617 74300389 74253694 74239148
1.2)
96050173 74243756 74193011 74234059 74216992 74199802 74216603 74214064 74204973 74216760
1.3)
96089000 74397930 74182351 74221174 74227074 74197623 74216009 74199460 74234732 74220854
1.4)
96013466 74225610 74177153 74188080 74168671 74355199 74199257 74191067 74188225 74181485
1.5)
96039665 74232283 74250722 74215633 74235423 74247467 74237115 74426861 74224988 74252708 
1.6)
96063693 74223793 74378588 74210732 74191266 74230604 74241016 74216228 74347126 74192388
1.7)
96067786 74235826 74195515 74205472 74231875 74226809 74232631 74232946 74389031 74237324
1.8)
96038090 74236019 74207240 74196525 74220799 74214124 74228916 74225020 74229536 74273760
1.9)
96018608 74211002 74201566 74221576 74205370 74192966 74189850 74206216 74200583 74217653 
1.10)
96481006 74229718 74232434 74222327 74218828 74230161 74249956 74242859 74237494 74241072 


2) Raspberry 4 (normal) (lock freq)
2.1)
778149 773519 770640 776192 775517 775744 778471 777787 771216 771823
2.2)
776162 776602 778563 777540 773008 773226 772203 776916 778578 777032
2.3)
778652 777243 770977 764632 774700 773308 777435 772509 777044 773277
2.4)
773081 770839 772924 772284 774211 772722 772176 778884 775236 772505
2.5)
772072 772643 773758 774311 775779 776730 776910 778410 778672 770677
2.6)
771653 772140 772681 773005 773169 774785 774560 773364 769720 777200
2.7)
775973 778149 777329 763884 777848 779051 765476 777219 771234 772644
2.8)
773944 768840 770089 776517 775877 776891 775979 777555 768798 769719
2.9)
781170 772286 773441 778480 772167 772366 772799 770246 770364 774028
2.10)
771647 770467 772711 771902 777281 778678 772402 769938 778063 776773

3) Raspberry 4 (chrt -r 99; sysctl kernel.sched_rt_runtime_us=-1) (lock freq)
3.1)
776270 774201 777402 773952 777072 773999 774894 776863 778162 775403
3.2)
776924 778044 774908 777303 777393 778726 778115 775060 777631 776619
3.3)
777671 778400 778018 777733 775345 777422 776304 777265 778397 777488
3.4)
780252 777135 777119 777369 776646 776605 777909 777481 776727 776723
3.5)
774712 774801 776656 776254 778398 774749 774990 778053 775216 776750
3.6)
776866 777389 776075 777950 776784 778020 774797 778746 777685 776618
3.7)
774520 777242 777034 778014 774807 777632 778055 776550 777012 778157
3.8)
776720 776424 774691 776114 777372 776120 778068 776599 778076 776783
3.9)
777064 776049 778746 776611 775549 775716 776088 777095 776654 775530
3.10)
775526 778211 777515 774952 777046 774787 776970 773394 776598 773812




