1.1) 0.053121 0.000292
1.2) 0.053142 0.000132
1.3) 0.053182 0.000531
1.4) 0.053079 0.000476
1.5) 0.052989 0.000534
1.6) 0.053077 0.000561
1.7) 0.053101 0.000470
1.8) 0.053082 0.000181
1.9) 0.053099 0.000087
2.1) 0.004650
2.2) 0.005043
2.3) 0.005236
2.4) 0.005290
2.5) 0.004888
2.6) 0.004700
2.7) 0.004940
2.8) 0.003748
2.9) 0.004526
3.1) 0.009569
3.2) 0.007870
3.3) 0.007874
3.4) 0.007498
3.5) 0.005297
3.6) 0.003922
3.7) 0.005192
3.8) 0.007362
3.9) 0.007276
4.1) 0.002227
4.2) 0.001767
4.3) 0.003141
4.4) 0.001698
4.5) 0.002073
4.6) 0.001528
4.7) 0.004140
4.8) 0.002761
4.9) 0.002642
5.1) 0.001166
5.2) 0.000950
5.3) 0.000714
5.4) 0.000823
5.5) 0.001050
5.6) 0.000853
5.7) 0.000977
5.8) 0.000758
5.9) 0.000740
6.1) 0.018176
6.2) 0.001716
6.3) 0.001691
6.4) 0.001232
6.5) 0.001019
6.6) 0.000601
6.7) 0.008109
6.8) 0.001698
6.9) 0.002232
7.1) 0.006356
7.2) 0.001950
7.3) 0.014877
7.4) 0.013046
7.5) 0.008786
7.6) 0.016936
7.7) 0.016594
7.8) 0.013338
7.9) 0.002914
8.1) 0.002668
8.2) 0.001226
8.3) 0.000381
8.4) 0.007578
8.5) 0.000625
8.6) 0.003214
8.7) 0.000897
8.8) 0.004416
8.9) 0.001301
9.1) 0.009417
9.2) 0.026038
9.3) 0.016613
9.4) 0.030860
9.5) 0.008936
9.6) 0.011018
9.7) 0.010981
9.8) 0.018229
9.9) 0.008922
